3.36
3.82
3.66
3.35
3.15
3.55
3.31
3.31
3.34
3.31
3.60
3.79
3.08
3.59
3.49
3.68
3.48
3.76
3.72
3.47
3.54
3.83
3.60
3.14
3.75
3.31
3.42
3.63
3.35
3.12
3.57
3.81
3.45
3.44
3.34
3.32
3.28
3.14
3.41
3.56
3.47
4.03
3.37
3.56
3.42
3.36
3.34
3.49
3.84
3.70
3.20
3.55
3.23
3.20
3.67
3.22
3.51
3.55
3.32
3.68
3.27
3.40
3.33
3.58
3.61
3.14
3.49
3.32
3.29
3.38
3.48
3.17
3.25
3.84
3.27
3.32
3.08
3.24
3.42
3.29
3.17
3.54
3.27
3.32
3.23
3.71
3.11
3.43
3.40
3.20
3.55
3.52
3.55
3.45
3.34
3.77
3.55
3.57
3.29
3.47
3.61
3.36
3.37
3.17
3.54
3.80
3.20
3.50
3.22
3.55
3.45
3.24
3.55
3.78
3.35
3.33
3.28
3.06
3.62
3.47
3.71
3.61
3.70
3.82
3.32
3.21
3.16
3.11
3.43
3.41
3.25
3.79
3.27
3.36
3.56
3.33
3.37
3.58
3.42
3.38
3.81
3.60
3.30
4.19
3.64
3.18
3.41
3.29
3.59
3.40
3.43
3.60
3.38
3.83
3.45
3.46
3.20
3.72
3.54
3.31
3.34
3.70
3.11
3.72
3.37
3.70
3.82
3.89
3.41
3.31
3.07
3.25
3.64
3.27
3.71
3.37
3.48
3.55
3.23
3.86
3.30
3.77
3.50
3.44
3.42
3.58
3.53
3.20
3.23
3.18
3.20
3.52
3.59
3.46
3.74
3.66
3.27
3.90
3.26
3.21
3.31
3.58
3.41
3.37
3.75
3.41
3.49
3.30
3.13
3.38
3.67
3.40
3.04
3.72
3.47
3.25
3.26
3.55
3.37
3.42
3.48
3.63
3.26
3.48
3.41
3.38
3.20
3.59
3.62
3.15
3.18
3.71
3.55
3.53
3.70
3.47
3.43
3.41
3.31
3.32
3.30
3.27
3.23
3.44
3.62
3.27
3.70
3.38
3.58
3.98
3.37
3.73
3.44
2.89
3.48
3.19
3.23
3.18
3.55
3.19
3.48
3.60
3.42
4.03
3.36
3.81
3.61
3.53
3.64
3.93
3.75
3.40
3.53
3.40
3.42
3.52
3.89
3.37
3.74
3.61
3.19
3.52
3.34
3.57
3.80
3.40
3.35
3.27
3.31
3.21
3.42
3.44
3.35
3.57
3.16
3.62
3.51
3.67
3.43
3.17
3.07
3.52
3.29
3.64
3.67
3.32
3.65
3.37
3.33
3.55
3.30
3.68
3.59
3.43
3.50
3.65
3.66
3.42
3.52
3.43
3.44
3.06
3.35
3.45
3.42
3.60
3.86
3.45
3.59
3.67
3.53
3.45
3.34
3.50
3.44
3.22
3.26
3.06
3.41
3.42
3.36
3.28
3.53
3.58
3.41
3.83
3.30
3.42
3.11
3.11
3.58
3.34
3.50
3.55
3.59
3.91
3.65
3.39
3.32
3.73
3.27
3.69
3.59
3.40
3.38
3.39
3.85
3.55
3.05
3.48
3.06
3.51
3.31
3.73
3.46
3.40
3.21
3.53
3.51
3.24
3.44
3.50
3.51
3.42
3.48
3.10
3.33
3.58
3.32
3.30
3.52
3.35
3.33
3.50
3.26
3.05
3.41
3.50
3.59
3.26
3.26
3.82
3.22
3.33
3.41
3.33
3.48
3.45
3.15
3.36
3.19
3.68
3.19
3.23
3.28
3.83
3.91
3.34
3.73
3.57
3.26
3.58
3.82
3.53
3.12
3.20
3.82
3.20
3.52
3.60
3.86
3.35
3.14
3.38
3.66
3.70
3.29
3.70
3.49
3.85
3.58
3.46
3.44
3.70
3.48
3.40
3.09
3.27
3.41
3.46
3.38
3.26
3.80
3.77
3.25
3.09
3.21
3.15
3.71
3.40
3.23
3.32
3.32
3.58
3.54
3.21
3.44
3.26
3.77
3.63
3.45
3.07
3.24
3.60
3.80
3.32
3.79
3.34
3.49
3.82
3.47
3.59
3.47
3.40
3.53
3.41
3.66
3.37
3.06
3.26
3.45
3.75
3.27
3.56
3.42
3.62
3.52
3.84
3.81
3.32
3.34
3.36
3.42
3.03
3.25
3.51
3.25
3.43
3.56
3.20
3.78
3.84
3.26
3.09
3.12
3.54
3.66
3.29
3.29
3.19
3.38
3.16
3.50
3.32
3.83
3.51
3.71
3.76
3.00
3.65
3.08
3.31
3.47
3.45
3.27
3.58
3.47
3.40
3.42
3.44
3.55
3.71
3.13
3.48
3.61
3.35
3.47
3.27
3.57
3.45
3.27
3.29
3.49
3.14
3.54
3.57
3.41
3.71
3.15
3.29
3.26
3.19
3.35
3.21
3.46
3.46
3.59
3.54
3.03
3.15
3.55
3.67
3.19
3.10
3.38
3.24
4.03
3.44
3.65
3.32
3.69
3.42
3.67
3.59
4.13
3.55
3.67
3.52
3.43
3.50
3.57
3.46
3.42
3.32
3.45
3.44
3.23
3.43
3.53
3.68
3.78
4.03
3.25
3.57
3.49
3.67
3.66
3.53
3.59
3.60
3.18
3.29
3.26
3.50
3.88
3.32
3.33
3.31
3.22
3.51
3.56
3.37
3.35
3.42
3.54
3.78
3.51
3.42
3.53
3.51
3.35
3.18
3.21
3.27
3.47
3.52
3.46
3.24
3.62
3.55
3.49
3.46
3.21
3.49
3.30
3.80
3.21
3.41
3.63
3.67
3.39
3.42
3.88
4.04
3.40
3.42
3.43
3.25
3.07
3.05
3.17
3.29
3.67
3.23
3.13
3.12
3.21
3.34
3.30
3.26
3.41
3.28
3.84
3.56
3.46
3.75
3.49
3.66
3.05
3.61
3.12
3.38
3.46
3.57
3.39
3.83
3.35
3.26
3.35
3.72
3.64
3.50
3.10
3.44
3.61
3.23
3.50
3.57
3.45
3.50
3.17
3.41
3.35
3.55
3.33
3.25
3.58
3.50
3.36
3.60
3.57
3.70
3.45
3.15
3.49
3.62
3.35
3.22
3.35
3.19
3.27
3.24
3.17
3.53
3.34
3.21
3.56
3.25
3.39
3.31
3.30
3.39
2.96
3.54
3.49
3.44
3.55
3.71
3.50
3.62
3.42
4.11
3.56
3.40
3.43
3.52
3.90
3.52
3.14
3.21
3.39
3.31
3.54
3.18
3.20
3.31
3.45
3.49
3.22
3.30
3.49
3.25
3.36
3.33
3.50
3.64
3.51
3.22
3.26
3.50
3.57
3.45
3.27
3.19
3.20
3.50
3.55
3.21
3.42
3.17
3.33
3.38
3.38
3.26
3.23
2.95
3.19
3.82
3.47
3.35
3.40
3.36
3.16
3.28
3.22
3.16
3.26
3.38
3.40
3.56
3.33
3.65
3.64
3.48
3.40
3.64
3.45
3.68
3.32
3.28
3.39
3.66
3.36
3.41
3.56
3.36
3.36
3.67
3.68
3.52
3.82
3.45
3.72
3.26
3.13
3.39
3.69
3.51
3.84
3.27
3.44
3.76
3.38
3.43
3.31
3.54
3.46
3.37
3.09
3.34
3.34
3.98
3.53
3.28
3.40
3.50
3.38
3.49
3.47
3.56
3.22
3.16
3.48
3.34
3.52
3.42
3.23
3.84
3.37
3.21
3.71
3.54
3.30
3.91
3.25
3.12
3.21
3.28
3.23
3.25
3.41
3.62
3.35
3.52
3.40
3.53
3.12
3.40
3.10
3.11
3.61
3.12
3.53
3.14
3.30
3.42
3.42
3.64
3.28
3.26
3.41
3.38
3.38
3.43
3.76
3.36
3.87
3.59
3.37
3.46
3.47
3.16
3.29
4.09
3.35
3.47
3.64
3.69
3.35
2.98
3.84
3.72
3.86
3.46
3.38
3.17
3.05
3.08
3.24
3.53
3.04
3.56
3.10
3.40
3.28
3.23
3.46
3.49
3.29
3.64
3.07
3.75
3.50
3.48
3.30
3.09
3.15
3.02
3.25
3.50
3.43
3.41
3.38
3.63
3.38
3.48
3.52
3.42
3.35
3.00
3.46
3.21
3.27
3.15
3.56
3.37
3.30
3.84
3.37
3.23
3.47
3.30
3.42
3.52
3.41
3.59
3.40
3.61
3.30
3.25
3.55
3.72
3.37
2.96
3.76
3.37
3.16
3.48
3.19
3.49
3.49
3.48
3.24
3.31
3.52
3.50
3.52
3.16
3.51
3.63
3.34
3.18
3.47
3.33
3.64
3.38
3.34
3.30
3.39
3.73
3.48
3.61
3.55
3.31
3.12
3.33
3.42
3.21
3.73
3.18
3.44
3.19
3.08
3.53
3.39
3.39
3.35
3.23
3.37
3.64
3.81
3.90
3.19
3.46
3.50
3.43
3.04
3.68
3.61
3.43
3.35
3.38
3.91
3.26
3.34
3.32
3.51
3.26
3.26
3.28
3.53
3.75
3.43
3.39
3.38
3.77
3.66
3.68
3.41
3.92
3.53
3.70
3.57
3.17
3.70
3.33
3.52
3.24
3.18
3.34
2.98
3.70
3.45
3.41
3.16
3.14
3.21
3.74
3.28
3.43
3.34
3.51
3.72
3.47
3.34
3.29
3.50
4.23
3.46
3.50
3.43
3.18
3.35
3.31
3.43
3.54
3.43
3.44
3.21
3.30
3.44
3.28
3.73
3.60
3.10
3.67
3.51
3.21
3.52
3.19
3.20
3.69
3.24
3.54
3.53
3.24
3.10
3.44
3.72
3.50
3.35
3.45
3.50
3.52
3.32
3.24
3.73
3.05
2.97
3.11
3.24
3.36
3.41
3.59
3.66
3.82
3.72
3.32
3.91
3.26
3.71
3.43
3.14
3.54
3.49
3.51
3.10
3.34
3.24
3.68
3.15
3.29
3.38
3.47
3.32
3.07
3.15
3.61
3.20
3.70
3.38
3.78
3.65
3.60
3.49
3.84
3.95
3.62
3.84
3.63
3.34
3.39
3.16
3.31
3.30
3.37
3.59
3.27
3.28
3.15
4.00
3.26
3.36
3.40
3.34
3.33
3.58
3.22
3.23
3.61
3.32
3.39
3.16
3.59
3.22
3.49
3.56
3.64
3.54
3.20
2.96
3.54
3.72
3.53
3.79
3.44
3.66
3.71
3.18
3.53
